Vector Kr : 
175
75
85
39
212
71
226
123
135
233
208
237
158
237
186
197
102
148
129
106
136
58
80
63
27
229
215
224
25
166
33
22
35
138
134
204
84
84
40
17
185
30
73
38
220
161
236
228
130
210
191
142
77
232
158
218
200
7
92
63
68
162
253
174
7
125
205
103
110
11
133
226
228
126
32
233
114
107
65
135
72
65
66
219
156
244
166
198
239
138
162
204
92
216
88
49
139
149
131
182
246
223
99
140
155
162
20
11
137
185
229
120
54
221
254
145
113
196
65
234
219
228
137
38
101
13
33
114
159
33
172
126
238
92
165
251
131
248
8
110
172
166
146
24
108
237
150
219
96
68
237
229
254
132
253
48
16
195
94
245
55
197
40
187
168
17
11
195
252
180
220
142
130
38
248
248
92
252
144
132
142
97
74
203
121
189
45
223
143
239
220
230
128
230
1
139
135
101
214
10
5
37
239
95
113
105
122
118
182
93
88
182
115
224
221
151
220
6
116
50
205
234
182
98
165
216
1
231
206
189
224
137
204
13
135
115
209
73
194
67
190
60
185
144
129
70
191
113
138
9
5
41
225
141
18
166
155
155
135
107
123
165
131
235
169
96
228
25
9
8
0
98
254
109
192
64
102
38
191
182
143
238
132
242
141
212
85
79
215
81
49
55
163
1
62
43
127
73
218
172
169
11
69
101
213
237
181
246
172
36
217
82
8
181
191
53
47
129
147
164
18
179
45
235
40
251
165
134
35
207
171
254
127
217
20
175
30
127
123
19
248
254
39
211
162
232
186
117
22
220
92
211
236
134
37
170
43
98
112
84
13
121
127
138
178
40
121
61
232
121
35
87
88
122
49
45
253
34
194
91
6
156
82
176
156
160
245
50
225
41
0
77
249
167
233
26
198
213
133
83
74
187
253
206
226
83
217
219
56
21
39
81
204
59
175
112
88
104
28
83
3
28
239
144
8
43
8
58
191
94
174
115
28
176
45
254
206
112
73
183
167
40
4
165
253
175
191
232
223
202
141
38
95
92
236
181
229
203
179
51
181
237
108
241
62
181
69
78
242
121
88
41
20
48
181
64
192
163
243
2
78
219
85
67
219
3
53
66
215
253
165
204
56
154
141
249
19
181
169
118
79
253
105
187
191
126
80
39
194
167
84
227
40
80
203
98
7
208
5
36
51
41
127
204
65
230
196
225
184
196
114
84
69
211
146
180
81
207
233
205
103
253
137
113
93
244
223
194
112
72
148
59
31
72
70
57
133
88
118
236
179
121
60
201
153
161
179
141
131
178
160
81
159
179
29
201
94
57
148
101
45
117
10
211
42
55
197
205
202
224
84
106
73
74
213
185
240
207
254
83
44
12
211
162
218
130
21
179
187
126
165
134
224
88
27
131
222
127
39
207
139
63
9
187
55
176
96
78
180
158
221
172
23
83
221
51
11
208
70
120
171
240
4
23
168
124
127
172
220
114
199
92
16
91
216
154
5
147
85
111
73
134
37
190
154
143
178
46
236
154
163
162
90
128
239
193
93
101
37
75
232
129
254
111
211
6
82
104
157
56
27
161
31
250
212
217
74
204
62
154
231
21
35
182
176
95
100
119
85
206
238
172
63
16
46
66
157
229
24
133
232
82
250
116
241
57
242
67
111
127
89
140
200
211
73
169
235
102
145
199
123
143
14
246
133
242
16
12
120
131
9
175
19
170
217
158
197
115
187
207
18
188
52
107
56
130
159
182
64
222
217
215
136
146
20
34
33
146
255
204
19
104
119
39
9
20
120
214
55
65
116
53
142
103
103
145
208
75
8
173
2
241
41
236
71
134
251
255
44
180
123
112
106
246
146
187
59
35
147
184
106
42
117
192
39
60
177
10
63
250
8
204
19
229
70
16
151
82
143
3
36
137
150
99
78
17
161
246
249
228
15
10
147
78
45
126
149
2
48
10
233
16
55
44
159
79
177
74
69
70
130
87
226
150
41
21
1
29
169
235
109
240
61
57
193
46
150
139
200
141
4
127
175
170
161
180
67
163
252
181
193
115
123
95
82
227
160
143
202
4
62
96
152
66
29
104
12
235
235
167
182
221
198
95
136
219
142
126
198
30
139
44
23
199
129
19
220
158
78
206
229
173
178
15
159
159
6
199
197
189
53
157
86
245
153
248
210
69
207
125
103
246
15
218
130
54
212
227
40
152
95
219
255
72
233
255
145
140
32
12
215
97
203
140
102
240
107
85
232
235
188
142
208
248
111
13
130
243
108
112
184
56
204
182
108
177
95
48
246
118
96
221
208
173
29
224
218
164
138
1
137
1
140
217
183
146
91
212
106
53
236
170
108
181
204
35
56
26
145
104
246
20
226
188
121
145
103
237
119
207
34
104
244
123
144
113
183
249
22
102
120
12
57
131
162
13
69
34
182
214
14
102
230
127
139
132
39
206
75
23
20
203
224
17
143
206
54
52
252
40
181
215
65
250
59
64
66
168
198
203
201
66
182
105
5
184
203
118
18
177
250
254
18
51
170
38
227
17
44
49
102
82
55
91
65
10
145
203
147
63
29
227
76
94
236
191
178
46
178
47
27
52
62
130
118
91
179
3
20
104
6
216
31
203
235
168
132
98
74
35
178
55
82
64
10
207
194
224
19
220
96
238
226
64
123
37
203
97
216
240
153
161
209
34
74
249
59
192
191
195
193
219
105
241
13
255
12
194
55
70
228
109
231
95
152
223
168
66
201
109
96
153
20
2
160
4
11
202
62
246
214
119
211
142
146
235
135
206
254
111
75
113
28
51
101
224
151
52
189
15
205
169
49
218
68
13
63
178
184
33
87
47
166
217
241
76
139
229
11
108
136
236
238
180
37
29
184
205
25
104
166
21
221
224
193
94
140
162
145
112
214
49
40
81
88
180
188
35
251
71
154
31
223
49
0
15
124
109
166
3
93
238
68
5
231
29
226
192
189
51
123
142
96
180
118
206
77
206
22
118
49
55
204
222
117
40
11
254
146
211
71
68
155
82
109
184
110
220
178
154
185
222
225
7
144
120
156
61
122
90
221
108
206
172
220
219
196
126
74
190
207
83
212
65
161
2
215
193
0
70
89
14
219
79
152
51
212
38
21
235
188
157
178
74
86
13
215
152
207
191
155
169
38
49
193
159
191
62
154
230
189
221
252
20
253
124
100
177
183
156
214
244
113
240
142
202
253
135
39
39
245
50
137
219
176
140
21
31
133
249
21
193
217
150
242
86
32
139
128
8
82
204
21
31
118
163
218
178
99
146
208
182
114
232
21
183
29
236
44
203
39
44
199
88
124
234
162
152
249
128
131
42
121
136
19
4
241
191
83
15
24
207
221
111
71
78
178
210
175
193
63
119
221
198
236
172
241
160
218
17
54
207
10
86
152
111
10
45
86
60
123
32
162
200
29
94
99
93
154
14
89
9
250
228
192
83
16
125
248
239
208
226
242
59
70
248
62
100
116
5
203
152
116
200
58
100
72
131
122
193
251
138
90
48
118
60
42
45
149
239
163
21
164
4
143
72
159
227
215
154
58
138
75
28
135
35
41
28
56
172
18
99
201
142
188
163
104
197
114
243
227
83
79
223
123
103
255
192
155
30
3
251
251
188
77
182
24
228
51
255
164
38
195
176
150
175
204
50
43
95
184
205
6
64
178
228
246
69
88
211
192
158
25
116
1
210
248
130
46
208
244
129
216
231
208
20
190
39
224
129
178
106
229
119
98
56
138
188
219
181
246
83
18
124
86
151
206
75
69
92
173
88
168
68
12
14
40
217
159
232
34
97
59
71
137
13
81
207
223
200
193
43
228
74
79
251
96
118
246
78
250
128
49
159
9
76
255
87
14
57
158
247
179
48
176
224
33
239
11
37
64
231
223
12
182
148
224
47
135
123
104
213
81
5
174
34
187
151
205
108
187
54
149
242
74
76
175
127
180
152
104
51
99
44
82
155
79
157
248
10
107
204
253
216
136
148
74
77
202
169
204
82
189
101
63
59
25
152
203
119
228
74
173
248
223
41
190
159
49
85
225
191
149
98
178
191
88
95
66
243
141
173
121
13
4
42
234
219
149
219
8
207
8
40
196
222
73
22
19
112
23
216
249
0
182
39
14
177
69
59
160
62
33
23
136
209
37
28
18
61
223
233
53
74
253
217
78
24
113
65
161
122
4
227
226
109
86
179
59
80
164
122
37
182
114
25
57
20
115
204
130
253
193
224
141
226
185
55
46
18
135
167
71
46
227
255
173
205
65
223
152
43
177
254
51
14
158
141
107
64
142
136
71
225
4
12
79
32
5
10
164
99
4
144
231
253
48
Vector Kc : 
125
7
205
136
23
153
41
142
200
151
206
53
108
235
116
12
101
77
71
253
250
194
79
235
15
184
135
94
197
197
139
250
117
75
179
142
136
220
95
53
54
79
203
57
205
22
81
163
156
124
11
195
88
38
232
62
32
139
91
171
225
20
152
196
158
81
52
18
210
91
250
248
158
99
134
95
86
110
103
134
31
250
164
192
129
121
188
71
51
103
32
196
30
88
103
24
255
110
81
58
117
170
114
239
83
169
253
103
34
11
124
61
215
142
255
140
243
174
159
181
196
7
8
75
52
120
108
211
241
81
201
26
81
33
165
2
12
231
97
191
18
170
46
23
216
149
251
188
247
150
14
222
120
112
252
183
186
3
153
218
123
206
119
132
114
141
234
46
73
148
236
149
134
93
41
20
93
197
161
101
245
255
16
183
184
167
35
30
232
141
210
109
199
164
197
193
51
228
63
106
147
227
214
115
203
165
63
66
103
194
25
159
8
181
133
109
221
235
145
69
103
217
205
253
159
151
152
46
146
173
169
195
61
71
99
189
102
160
106
245
181
255
70
13
82
12
68
215
226
126
208
218
237
52
42
157
229
189
167
53
237
188
92
176
246
215
240
71
105
223
84
234
18
162
85
53
6
152
94
231
231
151
22
247
128
209
118
239
82
79
186
58
206
64
53
39
135
213
61
1
167
72
196
179
120
159
235
72
122
222
86
146
221
220
237
98
37
232
250
62
121
98
121
201
50
217
93
114
59
88
112
111
25
106
176
52
1
21
169
51
89
208
116
126
33
12
138
117
227
14
14
226
1
140
249
110
9
114
2
133
138
131
2
174
24
34
108
90
217
77
120
28
125
89
26
74
81
107
0
15
54
25
117
137
42
240
182
53
99
160
6
99
173
157
198
16
205
205
39
45
218
150
37
166
127
208
208
66
227
170
124
0
98
22
201
17
210
100
127
67
194
243
148
212
167
96
248
189
230
83
134
203
97
92
226
193
130
30
167
91
15
220
70
184
178
32
28
92
14
16
148
64
7
132
41
71
155
233
229
203
1
153
28
242
243
94
160
127
101
92
15
33
78
107
241
178
15
61
99
188
157
141
52
108
121
192
132
14
32
233
219
184
20
201
247
27
91
240
145
137
9
65
41
190
68
44
236
219
201
28
220
76
186
242
219
160
137
70
183
35
200
112
4
34
185
127
226
5
109
236
24
163
96
96
208
40
196
192
230
83
62
147
94
117
210
50
205
96
15
118
37
58
148
100
114
28
248
55
137
201
79
198
223
95
80
23
87
238
183
165
203
112
14
128
117
144
253
179
113
21
100
141
237
212
176
80
22
141
61
4
10
106
81
1
128
73
199
226
242
37
59
131
73
110
47
174
232
88
79
172
145
30
249
141
206
63
40
239
106
140
68
75
44
15
155
100
77
162
7
244
115
174
200
152
119
216
164
100
129
51
101
219
187
211
20
205
96
90
36
165
134
102
185
239
201
135
170
84
192
81
194
152
103
136
27
248
255
33
136
196
41
73
165
151
195
182
59
81
174
144
138
125
96
23
222
241
52
101
222
224
218
81
15
106
140
123
203
137
178
121
36
49
143
245
22
61
9
68
83
14
197
117
33
38
15
245
15
34
178
114
203
42
158
248
133
106
150
38
141
13
175
88
58
150
105
137
34
46
28
134
54
252
151
89
102
107
178
128
31
170
89
178
222
89
146
16
113
115
211
252
67
233
243
15
104
149
48
9
223
41
192
122
237
14
4
10
76
223
228
238
52
66
89
115
151
204
31
240
22
210
131
1
128
134
61
157
102
36
222
109
75
24
69
82
234
174
183
137
85
130
82
223
118
178
200
169
87
193
5
131
229
242
226
57
183
122
142
202
184
35
207
235
220
230
21
237
232
201
35
249
253
102
51
14
40
153
14
116
117
222
230
46
175
103
79
62
102
79
229
213
172
24
123
0
113
68
234
151
188
223
78
46
55
249
84
198
198
217
58
192
132
78
232
111
148
52
161
187
142
197
242
170
185
163
204
237
29
151
95
127
61
62
103
64
158
233
14
72
245
139
215
245
180
133
155
186
211
145
222
88
26
3
230
217
63
53
207
13
6
22
231
114
49
22
104
224
32
215
122
90
44
52
238
59
199
185
209
125
253
81
156
166
166
239
118
133
160
134
251
142
83
4
220
106
ITER_MAX : 
1
